tweet_id	retweet_count	favorite_count
892420643555336193	6996	33771
892177421306343426	5296	29294
891815181378084864	3476	22028
891689557279858688	7210	36864
891327558926688256	7750	35248
891087950875897856	2594	17773
890971913173991426	1658	10343
890729181411237888	15741	56757
890609185150312448	3615	24489
890240255349198849	6090	27911
890006608113172480	6145	26999
889880896479866881	4159	24536
889665388333682689	8339	41987
889638837579907072	3709	23626
889531135344209921	1878	13333
889278841981685760	4439	22065
888917238123831296	3758	25595
888804989199671297	3530	22435
888554962724278272	2876	17297
888078434458587136	2892	19123
887705289381826560	4531	26577
887517139158093824	9838	40654
887473957103951883	15005	60109
887343217045368832	8804	29537
887101392804085760	4984	26938
886983233522544640	6304	30341
886736880519319552	2625	10489
886680336477933568	3731	19706
886366144734445568	2627	18532
886267009285017600	4	105
886258384151887873	5281	24489
886054160059072513	93	0
885984800019947520	5606	28564
885528943205470208	5321	31559
885518971528720385	3104	17978
885311592912609280	15416	0
885167619883638784	3664	19222
884925521741709313	15005	67131
884876753390489601	4668	24349
884562892145688576	3906	21277
884441805382717440	4787	23842
884247878851493888	16899	63182
884162670584377345	2499	17918
883838122936631299	2858	19140
883482846933004288	8258	40149
883360690899218434	3074	19922
883117836046086144	5528	32484
882992080364220416	3242	20955
882762694511734784	4088	24756
882627270321602560	5059	24567
882268110199369728	9614	39158
882045870035918850	4078	25685
881906580714921986	2853	21419
881666595344535552	8946	44494
881633300179243008	8	113
881536004380872706	13382	43394
881268444196462592	4487	20458
880935762899988482	2330	15034
880872448815771648	3199	18691
880465832366813184	5208	24994
880221127280381952	3460	23632
880095782870896641	3650	24298
879862464715927552	2925	19678
879674319642796034	9	281
879492040517615616	2628	20676
879415818425184262	37366	92716
879376492567855104	2645	14829
879130579576475649	5734	0
879050749262655488	3951	19786
879008229531029506	2240	16757
878776093423087618	3429	17105
878604707211726852	5920	26405
878404777348136964	1073	0
878316110768087041	5519	0
878281511006478336	1073	6768
878057613040115712	5734	37099
877736472329191424	15787	69121
877611172832227328	70	0
877556246731214848	3166	19877
877316821321428993	4339	24106
877201837425926144	4622	23827
876838120628539392	2801	18197
876537666061221889	3967	21019
876484053909872640	1998	16547
876120275196170240	3895	24667
875747767867523072	3576	22083
875144289856114688	4148	19401
875097192612077568	5108	24221
875021211251597312	3967	22517
874680097055178752	3916	24564
874434818259525634	12195	0
874296783580663808	3481	22943
874057562936811520	3375	20091
874012996292530176	8582	30085
873580283840344065	3341	21352
873337748698140672	1330	0
873213775632977920	1330	6312
872967104147763200	4556	24032
872820683541237760	3164	13050
872620804844003328	3063	18300
872486979161796608	7711	36051
872122724285648897	6819	30190
871879754684805121	9239	33052
871762521631449091	2968	17865
871515927908634625	2937	17872
871166179821445120	4890	0
871102520638267392	4668	18520
871032628920680449	3219	20139
870804317367881728	5279	29775
870726314365509632	3	105
870656317836468226	2201	10886
870374049280663552	22729	73891
870308999962521604	3546	19462
870063196459192321	7065	32390
869772420881756160	8688	37955
869702957897576449	5382	25034
869596645499047938	2634	14179
869227993411051520	3196	18118
868880397819494401	12247	57878
868639477480148993	1750	0
868622495443632128	4463	23604
868552278524837888	1750	8959
867900495410671616	3567	21571
867774946302451713	6246	30223
867421006826221569	2112	14332
867072653475098625	101	0
867051520902168576	6775	28683
866720684873056260	4129	17863
866686824827068416	2965	17110
866450705531457537	30169	108764
866334964761202691	12195	46565
866094527597207552	7156	0
865718153858494464	4840	22904
865359393868664832	4282	23568
865006731092295680	6664	25018
864873206498414592	7492	28834
864279568663928832	2579	13057
864197398364647424	7581	26608
863907417377173506	3584	18416
863553081350529029	3629	13672
863471782782697472	2089	0
863432100342583297	4551	21290
863427515083354112	80	1960
863079547188785154	952	7880
863062471531167744	2089	7518
862831371563274240	4452	17200
862722525377298433	3089	15318
862457590147678208	4245	18249
862096992088072192	19981	66158
861383897657036800	9261	32262
861288531465048066	3587	15335
861005113778896900	3337	14981
860981674716409858	1855	0
860924035999428608	678	0
860563773140209665	1855	6712
860524505164394496	4603	21227
860276583193509888	3067	16567
860184849394610176	5120	15005
860177593139703809	26728	0
859924526012018688	3581	17610
859851578198683649	3067	13967
859607811541651456	1364	16817
859196978902773760	26256	80358
859074603037188101	11960	30407
858860390427611136	7079	0
858843525470990336	3027	14105
858471635011153920	4256	19474
858107933456039936	2539	14223
857989990357356544	2265	14486
857746408056729600	9339	30786
857393404942143489	1443	5308
857263160327368704	3975	18241
857214891891077121	16	204
857062103051644929	148	0
857029823797047296	3490	17030
856543823941562368	2547	14828
856526610513747968	1653	10830
856288084350160898	15	485
856282028240666624	5578	25198
855862651834028034	21	302
855860136149123072	853	4405
855857698524602368	1862	10848
855851453814013952	16126	41869
855818117272018944	4814	24274
855459453768019968	7302	27087
855245323840757760	5265	0
855138241867124737	36	0
854732716440526848	5348	20671
854482394044301312	6022	26563
854365224396361728	4150	17194
854120357044912130	6593	29202
854010172552949760	2789	14833
853760880890318849	5115	26080
853639147608842240	8879	31543
853299958564483072	3170	14164
852936405516943360	1789	0
852912242202992640	1600	8257
852672615818899456	1913	13645
852553447878664193	3118	14906
852311364735569921	8881	30369
852226086759018497	6090	18340
852189679701164033	1419	10574
851591660324737024	3125	14955
851464819735769094	6313	22263
851224888060895234	5170	19048
850753642995093505	8082	28144
850380195714523136	2332	12071
850333567704068097	301	3189
850145622816686080	3395	15043
850019790995546112	4373	18782
849776966551130114	6818	27903
849668094696017920	4447	0
849412302885593088	2833	14675
849336543269576704	1692	10549
849051919805034497	7625	39001
848690551926992896	3925	23265
848324959059550208	4146	22825
848213670039564288	646	7542
848212111729840128	2721	15041
847978865427394560	2922	0
847971574464610304	396	0
847962785489326080	4577	21737
847842811428974592	1191	5014
847617282490613760	376	6474
847606175596138505	3091	17352
847251039262605312	3921	18972
847157206088847362	5254	18380
847116187444137987	2875	19877
846874817362120707	3550	18628
846514051647705089	10385	41181
846505985330044928	2763	13076
846153765933735936	8177	29094
846139713627017216	9169	28822
846042936437604353	2590	14811
845812042753855489	7865	27015
845677943972139009	4382	23430
845397057150107648	1622	7080
845306882940190720	4864	21620
845098359547420673	6944	0
844979544864018432	2315	12669
844973813909606400	2857	13934
844580511645339650	2817	15295
844223788422217728	1994	12710
843981021012017153	2699	14121
843856843873095681	4171	19976
843604394117681152	2480	15708
843235543001513987	5413	19976
842846295480000512	3317	14223
842765311967449089	1176	6298
842535590457499648	3184	16921
842163532590374912	5265	22733
842115215311396866	2761	13037
841833993020538882	13582	0
841680585030541313	7161	24041
841439858740625411	3330	11739
841320156043304961	5022	18418
841314665196081154	4243	14760
841077006473256960	4890	21348
840761248237133825	1622	0
840728873075638272	14594	0
840698636975636481	2	164
840696689258311684	891	11482
840632337062862849	1622	8433
840370681858686976	4184	15325
840268004936019968	5216	17904
839990271299457024	2070	12527
839549326359670784	7079	25585
839290600511926273	132	0
839239871831150596	5942	25229
838952994649550848	3663	18367
838921590096166913	1855	10414
838916489579200512	31	0
838831947270979586	10034	0
838561493054533637	1233	10253
838476387338051585	4346	20963
838201503651401729	9201	0
838150277551247360	304	1568
838085839343206401	1	133
838083903487373313	2844	16457
837820167694528512	7156	31838
837482249356513284	407	3611
837471256429613056	2065	11990
837110210464448512	2181	15063
836989968035819520	2115	11956
836753516572119041	4268	18132
836677758902222849	2025	11839
836648853927522308	508	0
836397794269200385	25102	0
836380477523124226	2746	13911
836260088725786625	3981	19946
836001077879255040	3897	17887
835685285446955009	7424	0
835574547218894849	3302	16663
835536468978302976	1544	0
835309094223372289	19184	0
835297930240217089	2742	15443
835264098648616962	1544	7241
835246439529840640	63	1992
835172783151792128	5296	24568
835152434251116546	2764	20943
834931633769889797	1492	10112
834786237630337024	5109	20215
834574053763584002	2319	12811
834477809192075265	9773	0
834458053273591808	1549	9028
834209720923721728	4330	19257
834167344700198914	3364	14836
834089966724603904	1964	9445
834086379323871233	2040	12244
833863086058651648	2213	12618
833826103416520705	3490	17074
833732339549220864	205	0
833722901757046785	2999	19682
833479644947025920	1890	14003
833124694597443584	4447	18984
832998151111966721	2020	12434
832769181346996225	38	0
832757312314028032	3321	15844
832682457690300417	2668	11146
832645525019123713	485	2739
832636094638288896	2561	14894
832397543355072512	2037	11243
832369877331693569	2922	16087
832273440279240704	2147	10650
832215909146226688	5726	0
832215726631055365	8591	0
832088576586297345	2	58
832040443403784192	8826	0
832032802820481025	4302	16776
831939777352105988	5659	22474
831926988323639298	34	319
831911600680497154	5979	25856
831670449226514432	1689	9781
831650051525054464	1789	6680
831552930092285952	2162	8450
831322785565769729	1447	8759
831315979191906304	1038	6177
831309418084069378	2269	11097
831262627380748289	1890	11158
830956169170665475	1375	7507
830583320585068544	15416	62389
830173239259324417	5243	0
830097400375152640	2698	9155
829878982036299777	4609	0
829861396166877184	1793	11514
829501995190984704	9773	29881
829449946868879360	1862	9874
829141528400556032	6771	22892
829011960981237760	15107	50267
828801551087042563	3160	0
828770345708580865	5395	24075
828708714936930305	10328	34251
828650029636317184	1238	8943
828409743546925057	1079	6035
828408677031882754	1186	7245
828381636999917570	2057	11859
828376505180889089	994	6984
828372645993398273	2724	11861
828361771580813312	165	2069
828046555563323392	2655	11049
828011680017821696	1991	9769
827933404142436356	4833	18842
827653905312006145	2793	14588
827600520311402496	864	7058
827324948884643840	2807	14943
827199976799354881	2060	10002
826958653328592898	4609	20293
826848821049180160	9333	34029
826615380357632002	3682	0
826598799820865537	230	4849
826598365270007810	2180	9434
826476773533745153	3891	17363
826240494070030336	2418	12514
826204788643753985	855	4594
826115272272650244	2869	14729
825876512159186944	1736	9906
825829644528148480	2333	12012
825535076884762624	16343	53921
825147591692263424	4175	17256
825120256414846976	1166	0
825026590719483904	1166	5900
824796380199809024	5097	0
824775126675836928	3272	14048
824663926340194305	1642	9925
824325613288833024	9878	11173
824297048279236611	3565	14214
824025158776213504	557	4572
823939628516474880	2533	10044
823719002937630720	10353	0
823699002998870016	2332	13211
823581115634085888	2443	12249
823333489516937216	22	660
823322678127919110	3716	14818
823269594223824897	9217	0
822975315408461824	3199	16357
822872901745569793	39886	123901
822859134160621569	2109	12443
822647212903690241	5951	0
822610361945911296	2730	13952
822489057087389700	5951	17094
822462944365645825	13137	26273
822244816520155136	9217	33093
822163064745328640	4371	0
821886076407029760	2137	10668
821813639212650496	3125	0
821765923262631936	1556	7889
821522889702862852	1631	7565
821421320206483457	5126	0
821407182352777218	3990	11082
821153421864615936	9	234
821149554670182400	1825	8098
821107785811234820	1971	9059
821044531881721856	2124	11939
820837357901512704	6237	0
820749716845686786	9201	29804
820690176645140481	2999	11567
820494788566847489	522	0
820446719150292993	2390	0
820314633777061888	522	3152
820078625395449857	5789	18633
820013781606658049	1082	0
819952236453363712	1082	5014
819924195358416896	4539	12220
819711362133872643	2873	12596
819588359383371776	1867	9151
819347104292290561	1116	6823
819238181065359361	379	2137
819227688460238848	6237	21774
819015337530290176	34519	0
819015331746349057	17784	0
819006400881917954	17784	42969
819004803107983360	34519	82573
818646164899774465	19434	0
818627210458333184	7052	21197
818614493328580609	2351	9294
818588835076603904	5689	0
818536468981415936	2271	10258
818307523543449600	7453	0
818259473185828864	2085	10404
818145370475810820	2365	11607
817908911860748288	739	4604
817827839487737858	25102	48567
817777686764523521	2520	10216
817536400337801217	2728	11110
817502432452313088	3141	0
817423860136083457	13582	31832
817415592588222464	888	5287
817181837579653120	7857	0
817171292965273600	1866	8304
817120970343411712	2411	11532
817056546584727552	1514	8130
816829038950027264	4385	0
816816676327063552	1890	9459
816697700272001025	2055	9229
816450570814898180	7453	28657
816336735214911488	1801	8162
816091915477250048	1986	8469
816062466425819140	944	0
816014286006976512	4877	0
815990720817401858	944	4686
815966073409433600	7857	21103
815745968457060357	3854	0
815736392542261248	2119	9300
815639385530101762	1550	7810
815390420867969024	3570	9802
814986499976527872	1185	7245
814638523311648768	2521	10679
814578408554463233	5456	0
814530161257443328	1739	8210
814153002265309185	8107	27213
813944609378369540	2955	0
813910438903693312	1728	8832
813812741911748608	13024	34584
813800681631023104	1649	7873
813217897535406080	6846	17660
813202720496779264	1704	8757
813187593374461952	4045	18809
813172488309972993	1806	8794
813157409116065792	2065	7365
813142292504645637	2242	8073
813130366689148928	418	4253
813127251579564032	2918	11192
813112105746448384	2566	9779
813096984823349248	3384	10003
813081950185472002	2593	9418
813066809284972545	1825	7527
813051746834595840	6847	19904
812781120811126785	1787	7141
812709060537683968	1351	6288
812503143955202048	1148	5745
812466873996607488	1799	7555
812372279581671427	3421	12931
811985624773361665	1311	6906
811744202451197953	1474	7154
811647686436880384	682	5318
811627233043480576	2847	12064
811386762094317568	5976	19846
810984652412424192	1330	5050
810896069567610880	1643	8531
810657578271330305	2467	10424
810284430598270976	10487	33292
810254108431155201	3160	13957
809920764300447744	3682	14773
809808892968534016	4573	0
809448704142938112	1368	6604
809220051211603969	5243	18867
809084759137812480	3304	12555
808838249661788160	2862	9643
808733504066486276	2033	7490
808501579447930884	2454	10751
808344865868283904	19434	40155
808134635716833280	5511	0
808106460588765185	2063	8379
808001312164028416	3304	11837
807621403335917568	3382	13844
807106840509214720	51599	111501
807059379405148160	6883	0
807010152071229440	3627	12458
806629075125202948	32355	70529
806620845233815552	5138	0
806576416489959424	1823	4662
806542213899489280	2216	9730
806242860592926720	10875	0
806219024703037440	1134	6131
805958939288408065	5009	0
805932879469572096	1800	7889
805826884734976000	1714	6234
805823200554876929	7467	0
805520635690676224	1550	5479
805487436403003392	2378	8343
805207613751304193	1626	7472
804738756058218496	3600	12984
804475857670639616	1891	5833
804413760345620481	3007	0
804026241225523202	15031	42017
803773340896923648	2586	9549
803692223237865472	6925	0
803638050916102144	3887	10377
803380650405482500	1767	7391
803321560782307329	4955	0
803276597545603072	2296	9542
802952499103731712	1873	8569
802624713319034886	2724	0
802600418706604034	1381	6754
802572683846291456	2356	8509
802323869084381190	5475	15324
802265048156610565	1295	6616
802239329049477120	2459	8634
802185808107208704	251	0
801958328846974976	1596	7358
801854953262350336	219	1721
801538201127157760	1952	7806
801285448605831168	771	5737
801167903437357056	5511	23147
801127390143516673	3696	0
801115127852503040	1984	7668
800859414831898624	91	646
800855607700029440	1516	0
800751577355128832	2633	10084
800513324630806528	2827	12480
800459316964663297	2060	9040
800443802682937345	4022	0
800388270626521089	2635	10610
800188575492947969	3691	0
800141422401830912	2390	14496
800018252395122689	12305	26846
799774291445383169	4368	0
799757965289017345	2002	7961
799422933579902976	1800	7676
799308762079035393	5082	0
799297110730567681	2562	9382
799063482566066176	2340	7678
798933969379225600	4156	12411
798925684722855936	1362	7153
798705661114773508	6214	0
798701998996647937	7241	0
798697898615730177	6098	0
798694562394996736	4639	0
798686750113755136	2180	0
798682547630837760	4432	0
798673117451325440	5221	0
798665375516884993	3676	0
798644042770751489	1745	0
798628517273620480	1864	0
798585098161549313	5270	0
798576900688019456	5479	0
798340744599797760	3137	0
798209839306514432	2421	9926
797971864723324932	2887	10947
797545162159308800	4614	13863
797236660651966464	6159	18919
797165961484890113	24	212
796904159865868288	8352	0
796865951799083009	1828	7303
796759840936919040	2832	11207
796563435802726400	6733	0
796484825502875648	1651	7176
796387464403357696	3888	10460
796177847564038144	13361	0
796149749086875649	13361	30481
796125600683540480	1683	4736
796116448414461957	2250	8632
796080075804475393	2166	8022
796031486298386433	3499	10268
795464331001561088	21952	46762
795400264262053889	2684	9495
795076730285391872	5097	15327
794983741416415232	3153	0
794926597468000259	2158	9678
794355576146903043	9657	0
794332329137291264	2533	9120
794205286408003585	3110	8764
793962221541933056	4573	15898
793845145112371200	1745	8765
793614319594401792	2925	0
793601777308463104	1518	7567
793500921481273345	2234	10111
793286476301799424	8591	23338
793271401113350145	2246	8245
793256262322548741	7800	18922
793241302385262592	3076	9977
793226087023144960	2715	9279
793210959003287553	2607	8470
793195938047070209	5272	14438
793180763617361921	1864	6552
793165685325201412	2626	8892
793150605191548928	1595	5853
793135492858580992	2358	6079
793120401413079041	3688	12023
792913359805018113	3711	13581
792883833364439040	4002	10703
792773781206999040	1570	6992
792394556390137856	4014	12704
792050063153438720	1670	6778
791821351946420224	19694	0
791784077045166082	8898	0
791780927877898241	3554	0
791774931465953280	20748	42704
791672322847637504	2925	11135
791406955684368384	3854	12478
791312159183634433	2364	8312
791026214425268224	3812	0
790987426131050500	1988	9305
790946055508652032	4385	15846
790723298204217344	2144	0
790698755171364864	1803	7799
790581949425475584	6643	19546
790337589677002753	1767	7416
790277117346975746	2955	11891
790227638568808452	3307	0
789986466051088384	2144	8799
789960241177853952	3831	0
789903600034189313	3882	9775
789628658055020548	1646	7082
789599242079838210	1793	6371
789530877013393408	3153	11088
789314372632018944	2136	8198
789280767834746880	4592	0
789268448748703744	2446	8641
789137962068021249	2607	9224
788908386943430656	11710	26037
788765914992902144	9657	25876
788552643979468800	6660	0
788412144018661376	4922	14712
788178268662984705	1978	6886
788150585577050112	1197	5785
788070120937619456	3213	0
788039637453406209	1227	5790
787810552592695296	2839	8148
787717603741622272	2586	9698
787397959788929025	2668	10326
787322443945877504	1625	7382
787111942498508800	6294	0
786963064373534720	7424	25258
786729988674449408	2274	0
786709082849828864	5726	17354
786664955043049472	2362	10040
786595970293370880	2915	8964
786363235746385920	3217	10268
786286427768250368	2643	7556
786233965241827333	4371	14391
786051337297522688	147	1353
786036967502913536	6498	0
785927819176054784	2985	10800
785872687017132033	1671	6333
785639753186217984	2105	7451
785533386513321988	1838	8585
785515384317313025	1164	5782
785264754247995392	1517	6890
785170936622350336	4496	11361
784826020293709826	3007	9570
784517518371221505	2363	8483
784431430411685888	1183	5441
784183165795655680	7467	18934
784057939640352768	10353	28071
783839966405230592	10034	28353
783821107061198850	1828	6977
783695101801398276	2989	9866
783466772167098368	2076	7967
783391753726550016	5089	15972
783347506784731136	5139	0
783334639985389568	10875	27461
783085703974514689	2017	7724
782969140009107456	6883	22797
782747134529531904	1318	7060
782722598790725632	5009	16272
782598640137187329	1765	7378
782305867769217024	5126	15697
782021823840026624	5731	0
781955203444699136	3136	10557
781661882474196992	2525	9870
781655249211752448	1051	3775
781524693396357120	5138	19570
781308096455073793	2383	6738
781251288990355457	1928	7919
781163403222056960	2580	9271
780931614150983680	6733	20469
780858289093574656	1863	6795
780800785462489090	1201	5191
780601303617732608	3125	11405
780543529827336192	1625	5937
780496263422808064	3422	0
780476555013349377	103	0
780459368902959104	1002	4995
780192070812196864	2087	8206
780092040432480260	2134	0
780074436359819264	4567	11427
779834332596887552	6498	17743
779377524342161408	2880	8239
779124354206535695	17009	0
779056095788752897	4208	13875
778990705243029504	6650	18724
778774459159379968	9143	0
778764940568104960	338	819
778748913645780993	1205	6446
778650543019483137	1389	5420
778624900596654080	942	4335
778408200802557953	4001	12855
778396591732486144	11333	0
778383385161035776	1019	5507
778286810187399168	3059	9719
778039087836069888	2464	7977
778027034220126208	1491	6188
777953400541634568	3265	0
777885040357281792	1513	5989
777684233540206592	2724	10605
777641927919427584	3919	0
777621514455814149	2337	8203
777189768882946048	3980	13303
776819012571455488	12588	0
776813020089548800	1112	4602
776477788987613185	2556	8235
776249906839351296	8455	0
776218204058357768	14703	28069
776201521193218049	2334	9015
776113305656188928	4022	11098
776088319444877312	141	1712
775898661951791106	15519	0
775842724423557120	2461	11021
775733305207554048	3696	13068
775729183532220416	4278	12250
775364825476165632	2714	6941
775350846108426240	3625	9565
775085132600442880	4368	14612
774757898236878852	1655	8123
774639387460112384	1614	6361
774314403806253056	5082	20520
773985732834758656	3584	10148
773922284943896577	1626	6047
773704687002451968	1496	6230
773670353721753600	1222	5050
773547596996571136	5689	20795
773336787167145985	4666	0
773308824254029826	6944	21969
773247561583001600	3002	8875
773191612633579521	3799	9381
772877495989305348	3575	8046
772826264096874500	2208	7567
772615324260794368	3117	0
772581559778025472	1584	6098
772193107915964416	1289	5671
772152991789019136	1052	3587
772117678702071809	687	3553
772114945936949249	439	2582
772102971039580160	865	3767
771908950375665664	1754	6185
771770456517009408	3137	11282
771500966810099713	2419	7769
771380798096281600	4666	9912
771171053431250945	6888	0
771136648247640064	2708	8597
771102124360998913	1330	5852
771014301343748096	1536	6475
770787852854652928	1103	4615
770772759874076672	1325	4882
770655142660169732	1666	6906
770414278348247044	1926	5939
770293558247038976	1354	5842
770093767776997377	2816	0
770069151037685760	2121	7136
769940425801170949	8826	29249
769695466921623552	1562	6040
769335591808995329	7123	0
769212283578875904	1599	5072
768970937022709760	5997	13380
768909767477751808	2438	0
768855141948723200	825	3929
768609597686943744	1098	3850
768596291618299904	1186	4739
768554158521745409	5380	0
768473857036525572	3156	12766
768193404517830656	3265	10186
767884188863397888	1265	4465
767754930266464257	4955	14968
767500508068192258	2150	7041
767191397493538821	3473	11521
767122157629476866	2643	9544
766793450729734144	1258	4746
766714921925144576	346	2460
766693177336135680	730	3792
766423258543644672	1457	5638
766313316352462849	1731	6337
766078092750233600	2420	0
766069199026450432	773	3942
766008592277377025	460	3535
765719909049503744	1992	6801
765669560888528897	1131	4845
765395769549590528	3115	25098
765371061932261376	2004	6668
765222098633691136	3117	10909
764857477905154048	1647	6067
764259802650378240	1392	5632
763956972077010945	50	732
763837565564780549	3812	11754
763183847194451968	1358	5055
763167063695355904	2750	0
763103485927849985	2122	6927
762699858130116608	3307	11363
762471784394268675	5909	10509
762464539388485633	3831	9638
762316489655476224	1028	4499
762035686371364864	14295	29777
761976711479193600	1825	5041
761750502866649088	3587	0
761745352076779520	795	4013
761672994376806400	26728	46229
761599872357261312	1100	3884
761371037149827077	16648	0
761334018830917632	1338	4825
761292947749015552	1001	4182
761227390836215808	1445	4987
761004547850530816	3213	10634
760893934457552897	888	3575
760656994973933572	1751	6168
760641137271070720	1189	4674
760539183865880579	3340	7077
760521673607086080	1286	3923
760290219849637889	10567	25061
760252756032651264	797	3705
760190180481531904	1652	5351
760153949710192640	28	0
759943073749200896	1934	5527
759846353224826880	1799	6290
759793422261743616	1761	5574
759557299618865152	1103	4392
759447681597108224	2274	7943
759446261539934208	454	1562
759197388317847553	1804	5699
759159934323924993	1067	0
759099523532779520	3822	13604
759047813560868866	1850	6064
758854675097526272	842	3325
729838605770891264	338	1605
729823566028484608	1126	3653
729463711119904772	2097	5324
729113531270991872	288	1743
728986383096946689	742	2885
728760639972315136	1547	4293
728751179681943552	617	2546
728653952833728512	947	3059
728409960103686147	1827	4502
728387165835677696	878	3425
728046963732717569	1086	3943
728035342121635841	1514	4163
728015554473250816	992	3786
727685679342333952	576	2732
727644517743104000	1588	5388
727524757080539137	1088	4113
727314416056803329	673	3066
727286334147182592	746	2827
727175381690781696	1246	3596
727155742655025152	1201	3332
726935089318363137	2208	6299
726887082820554753	1370	3534
726828223124897792	919	3306
726224900189511680	1044	4083
725842289046749185	2420	6527
725786712245440512	1247	3849
725729321944506368	1609	4797
725458796924002305	557	1304
724983749226668032	1170	3447
724771698126512129	568	2159
724405726123311104	1515	4872
724049859469295616	1621	3981
724046343203856385	513	2455
724004602748780546	1394	3838
723912936180330496	1126	3594
723688335806480385	2646	7041
723673163800948736	816	2790
723179728551723008	1692	4863
722974582966214656	1438	3769
722613351520608256	1495	4586
721503162398597120	1649	4232
721001180231503872	551	2346
720785406564900865	700	2858
720775346191278080	570	2255
720415127506415616	1365	3797
720389942216527872	2266	5871
720340705894408192	879	2628
720059472081784833	1022	3558
720043174954147842	1820	4576
719991154352222208	1598	4492
719704490224398336	1301	4184
719551379208073216	1715	4650
719367763014393856	691	2600
719339463458033665	1121	4101
719332531645071360	859	3182
718971898235854848	986	3211
718939241951195136	1587	4804
718631497683582976	7241	17361
718613305783398402	430	2261
718540630683709445	926	2249
718460005985447936	477	2508
718454725339934721	1382	4513
718246886998687744	447	1761
718234618122661888	914	3570
717841801130979328	545	2276
717790033953034240	990	2635
717537687239008257	1666	5323
717428917016076293	408	1477
717421804990701568	759	2894
717047459982213120	1742	5807
717009362452090881	871	2987
716802964044845056	1051	3963
716791146589110272	1459	7748
716730379797970944	397	1135
716447146686459905	5321	12017
716439118184652801	190	2203
716285507865542656	968	2555
716080869887381504	1710	6256
715928423106027520	796	2935
715758151270801409	1289	3419
715733265223708672	1531	4289
715704790270025728	514	2566
715696743237730304	1170	3617
715680795826982913	1446	3971
715360349751484417	1411	5042
715342466308784130	627	2796
715220193576927233	589	2215
715200624753819648	1688	4760
715009755312439296	1107	3827
714982300363173890	936	3435
714962719905021952	3843	6756
714957620017307648	1284	3820
714631576617938945	900	3023
714606013974974464	832	3351
714485234495041536	1010	2459
714258258790387713	671	2823
714251586676113411	762	3029
714214115368108032	800	2114
714141408463036416	1282	4013
713919462244790272	723	3046
713909862279876608	486	1752
713900603437621249	665	2620
713761197720473600	1244	4467
713411074226274305	1187	4098
713177543487135744	2598	6658
713175907180089344	1335	4092
712809025985978368	6098	17561
712717840512598017	4516	11337
712668654853337088	1102	3828
712438159032893441	1422	4912
712309440758808576	24	223
712097430750289920	937	3468
712092745624633345	814	2706
712085617388212225	436	3022
712065007010385924	570	2074
711998809858043904	122	0
711968124745228288	2097	7422
711743778164514816	911	2625
711732680602345472	3701	8081
711694788429553666	16648	30283
711652651650457602	822	3545
711363825979756544	1019	3327
711306686208872448	680	3051
711008018775851008	559	2744
710997087345876993	1267	4220
710844581445812225	614	2355
710833117892898816	476	2468
710658690886586372	514	2139
710609963652087808	2159	4436
710588934686908417	1699	4174
710296729921429505	672	2200
710283270106132480	481	1997
710272297844797440	1144	4149
710269109699739648	1018	2204
710153181850935296	814	2683
710140971284037632	805	2519
710117014656950272	1783	5032
709918798883774466	995	3232
709901256215666688	92	608
709852847387627521	1092	3239
709566166965075968	1074	3258
709556954897764353	975	3027
709519240576036864	219	1385
709449600415961088	519	2025
709409458133323776	617	2430
709225125749587968	521	2211
709207347839836162	5190	11425
709198395643068416	590	2268
709179584944730112	611	1855
709158332880297985	366	1880
709042156699303936	1482	4340
708853462201716736	594	1667
708845821941387268	806	2744
708834316713893888	449	1552
708810915978854401	6262	15226
708738143638450176	741	2544
708711088997666817	640	2338
708479650088034305	618	2346
708469915515297792	733	2856
708400866336894977	9082	14688
708356463048204288	1200	3306
708349470027751425	677	2191
708149363256774660	1414	3993
708130923141795840	785	3101
708119489313951744	897	2483
708109389455101952	502	1805
708026248782585858	1754	4072
707995814724026368	1016	2874
707983188426153984	2	45
707969809498152960	869	2491
707776935007539200	874	3015
707741517457260545	556	2297
707738799544082433	2203	3738
707693576495472641	917	3121
707629649552134146	787	2355
707610948723478529	5731	15617
707420581654872064	634	2075
707411934438625280	546	2122
707387676719185920	1150	3222
707377100785885184	977	3018
707315916783140866	578	2287
707297311098011648	711	2584
707059547140169728	619	2402
707038192327901184	719	2015
707021089608753152	1225	3730
707014260413456384	542	2112
706904523814649856	7123	13444
706901761596989440	525	1883
706681918348251136	895	3024
706644897839910912	987	2343
706593038911545345	582	1985
706538006853918722	1295	3192
706516534877929472	931	2873
706346369204748288	843	3175
706310011488698368	7142	19546
706291001778950144	438	1566
706265994973601792	851	2521
706169069255446529	2003	3596
706166467411222528	1455	4730
706153300320784384	345	1360
705975130514706432	665	2865
705970349788291072	799	2926
705898680587526145	496	2190
705786532653883392	468	1796
705591895322394625	1033	2913
705475953783398401	829	2745
705442520700944385	1463	4066
705428427625635840	1522	3516
705239209544720384	679	2773
705223444686888960	715	2378
705102439679201280	475	1966
705066031337840642	556	2013
704871453724954624	1017	3965
704859558691414016	477	2077
704847917308362754	1367	4704
704819833553219584	898	2444
704761120771465216	2630	6142
704499785726889984	906	2664
704491224099647488	71	692
704480331685040129	980	3149
704364645503647744	3232	7345
704347321748819968	314	1449
704134088924532736	413	1387
704113298707505153	520	1719
704054845121142784	843	2695
703774238772166656	405	1708
703769065844768768	1024	3014
703631701117943808	602	2365
703611486317502464	1384	3544
703425003149250560	1223	3500
703407252292673536	623	2259
703382836347330562	1031	3225
703356393781329922	346	1770
703268521220972544	494	1823
703079050210877440	2804	6820
703041949650034688	11333	24349
702932127499816960	654	2372
702899151802126337	413	1482
702684942141153280	965	2984
702671118226825216	509	2024
702598099714314240	3139	11334
702539513671897089	872	2649
702332542343577600	1388	2935
702321140488925184	955	3032
702276748847800320	695	2279
702217446468493312	1226	4398
701981390485725185	891	3169
701952816642965504	930	3542
701889187134500865	1255	3247
701805642395348998	1511	3127
701601587219795968	416	1927
701570477911896070	840	2580
701545186879471618	550	2456
701214700881756160	4639	11293
700890391244103680	510	2044
700864154249383937	557	2403
700847567345688576	452	2279
700796979434098688	862	2259
700747788515020802	8455	21019
700518061187723268	722	2398
700505138482569216	521	2108
700462010979500032	1625	3790
700167517596164096	655	2432
700151421916807169	608	2055
700143752053182464	2438	6928
700062718104104960	613	2453
700029284593901568	531	1917
700002074055016451	1204	3029
699801817392291840	851	2780
699788877217865730	469	2064
699779630832685056	1109	2510
699775878809702401	539	1809
699691744225525762	4164	9465
699446877801091073	2401	5512
699434518667751424	468	2031
699423671849451520	289	1251
699413908797464576	571	1930
699370870310113280	393	1757
699323444782047232	784	2908
699088579889332224	565	2087
699079609774645248	574	2258
699072405256409088	1081	2720
699060279947165696	1623	3435
699036661657767936	1092	2406
698989035503689728	877	3084
698953797952008193	831	2488
698907974262222848	556	2343
698710712454139905	618	2270
698703483621523456	337	1319
698635131305795584	315	1198
698549713696649216	560	2154
698355670425473025	396	1704
698342080612007937	872	2074
698262614669991936	1799	4404
698195409219559425	5456	15515
698178924120031232	677	2592
697995514407682048	305	1413
697990423684476929	1173	3019
697943111201378304	618	2200
697881462549430272	1056	2789
697630435728322560	498	1602
697616773278015490	924	2891
697596423848730625	1134	2780
697575480820686848	455	1892
697516214579523584	995	1877
697482927769255936	603	2239
697463031882764288	1274	3169
697270446429966336	1717	4351
697259378236399616	906	3043
697255105972801536	1058	2846
697242256848379904	617	2326
696900204696625153	941	2917
696894894812565505	620	2168
696886256886657024	1630	4451
696877980375769088	641	2258
696754882863349760	329	1374
696744641916489729	838	1895
696713835009417216	587	2181
696518437233913856	1571	3640
696490539101908992	127	1134
696488710901260288	930	2310
696405997980676096	1053	2934
696100768806522880	587	1777
695816827381944320	1056	2762
695794761660297217	709	2916
695767669421768709	666	1711
695629776980148225	1896	4204
695446424020918272	1654	4098
695409464418041856	3250	8003
695314793360662529	1301	3340
695095422348574720	550	2460
695074328191332352	996	2616
695064344191721472	529	1477
695051054296211456	718	2434
694925794720792577	821	2494
694905863685980160	837	2534
694669722378485760	13094	33051
694356675654983680	251	1388
694352839993344000	542	1879
694342028726001664	432	1464
694329668942569472	449	1825
694206574471057408	1857	3822
694183373896572928	843	2710
694001791655137281	925	3140
693993230313091072	359	1733
693942351086120961	330	1623
693647888581312512	520	2479
693644216740769793	115	1270
693642232151285760	377	2357
693629975228977152	722	2263
693622659251335168	338	1421
693590843962331137	1782	4664
693582294167244802	223	1520
693486665285931008	568	1628
693280720173801472	1125	3089
693267061318012928	733	2198
693262851218264065	452	2048
693231807727280129	671	2662
693155686491000832	2899	7275
693109034023534592	551	1567
693095443459342336	406	1702
692919143163629568	698	2501
692905862751522816	791	2240
692901601640583168	539	1622
692894228850999298	717	2091
692828166163931137	796	2659
692752401762250755	3307	6290
692568918515392513	1395	4031
692535307825213440	1237	2908
692530551048294401	369	1703
692423280028966913	198	1367
692417313023332352	3141	8666
692187005137076224	747	2334
692158366030913536	719	1972
692142790915014657	355	1510
692041934689402880	1133	3124
692017291282812928	872	2678
691820333922455552	1498	3651
691793053716221953	3835	7484
691756958957883396	888	2604
691675652215414786	460	1797
691483041324204033	502	2199
691459709405118465	1027	3732
691444869282295808	753	2439
691416866452082688	6925	17871
691321916024623104	601	2389
691096613310316544	795	2764
691090071332753408	306	1604
690989312272396288	2616	5452
690959652130045952	1117	3319
690938899477221376	1751	3778
690932576555528194	908	3032
690735892932222976	1154	3506
690728923253055490	465	2007
690690673629138944	750	2153
690649993829576704	250	1202
690607260360429569	14	279
690597161306841088	548	1790
690400367696297985	406	1747
690374419777196032	763	2975
690360449368465409	795	2456
690348396616552449	463	1371
690248561355657216	370	1542
690021994562220032	923	2586
690015576308211712	661	2312
690005060500217858	1539	3391
689999384604450816	329	1306
689993469801164801	407	1348
689977555533848577	410	1271
689905486972461056	623	2261
689877686181715968	1044	2806
689835978131935233	689	2021
689661964914655233	851	2998
689659372465688576	3478	9529
689623661272240129	581	2039
689599056876867584	5024	10777
689557536375177216	404	1898
689517482558820352	1299	3132
689289219123089408	849	2073
689283819090870273	1005	3023
689280876073582592	642	1828
689275259254616065	225	1053
689255633275777024	977	2352
689154315265683456	898	2854
689143371370250240	455	1867
688916208532455424	773	2501
688908934925697024	708	1940
688898160958271489	709	1932
688894073864884227	621	2059
688828561667567616	323	1276
688804835492233216	170	888
688789766343622656	604	2059
688547210804498433	627	2397
688519176466644993	659	2151
688385280030670848	4082	8557
688211956440801280	758	2077
688179443353796608	531	1980
688116655151435777	698	2614
688064179421470721	324	1598
687841446767013888	2254	5019
687826841265172480	1010	2525
687818504314159109	865	2282
687807801670897665	660	2197
687732144991551489	596	1623
687704180304273409	767	2243
687664829264453632	471	1801
687494652870668288	529	1758
687480748861947905	222	1475
687476254459715584	483	1831
687460506001633280	492	1905
687399393394311168	554	1745
687317306314240000	8352	18662
687312378585812992	1733	4013
687127927494963200	2052	4980
687124485711986689	462	2025
687109925361856513	2234	5365
687102708889812993	872	2173
687096057537363968	552	2078
686947101016735744	2903	7979
686760001961103360	1257	3238
686749460672679938	1319	3209
686730991906516992	1090	3806
686683045143953408	733	2608
686618349602762752	1239	3413
686606069955735556	492	1752
686394059078897668	632	1595
686386521809772549	791	3007
686377065986265092	514	2047
686358356425093120	602	1995
686286779679375361	1525	3726
686050296934563840	664	2070
686035780142297088	104	1065
686034024800862208	1038	2852
686007916130873345	366	2283
686003207160610816	563	1680
685973236358713344	477	1941
685943807276412928	536	1499
685906723014619143	2592	6896
685681090388975616	110	1887
685667379192414208	510	2187
685663452032069632	1334	2974
685641971164143616	700	2699
685547936038666240	14134	30381
685532292383666176	1047	2809
685325112850124800	3587	8681
685321586178670592	579	2442
685315239903100929	944	3037
685307451701334016	397	1926
685268753634967552	1076	2839
685198997565345792	589	2135
685169283572338688	1277	3785
684969860808454144	327	2220
684959798585110529	2814	6294
684940049151070208	944	2961
684926975086034944	417	3224
684914660081053696	1322	3225
684902183876321280	466	1718
684880619965411328	725	1926
684830982659280897	19694	32344
684800227459624960	905	2514
684594889858887680	3170	8185
684588130326986752	1279	3813
684567543613382656	1104	2760
684538444857667585	855	2437
684481074559381504	1070	3569
684460069371654144	503	1814
684241637099323392	2951	7494
684225744407494656	184	1151
684222868335505415	1241	3520
684200372118904832	945	1981
684195085588783105	457	1761
684188786104872960	1054	3224
684177701129875456	593	1865
684147889187209216	1371	2742
684122891630342144	426	1861
684097758874210310	1299	3793
683857920510050305	1020	3525
683852578183077888	316	1794
683849932751646720	855	2412
683834909291606017	1022	2411
683828599284170753	971	2587
683773439333797890	1220	3075
683742671509258241	3004	5977
683515932363329536	2616	6795
683498322573824003	873	2933
683481228088049664	903	2449
683462770029932544	620	2242
683449695444799489	1457	3577
683391852557561860	2180	7048
683357973142474752	824	2669
683142553609318400	937	2645
683111407806746624	816	3141
683098815881154561	589	1999
683078886620553216	520	1854
683030066213818368	671	1999
682962037429899265	14889	33774
682808988178739200	154	1626
682788441537560576	1019	2284
682750546109968385	398	1402
682697186228989953	333	1211
682662431982772225	988	2814
682638830361513985	535	1910
682429480204398592	1045	3179
682406705142087680	1588	6966
682393905736888321	598	2076
682389078323662849	424	1540
682303737705140231	885	2823
682259524040966145	1078	3812
682242692827447297	1040	2970
682088079302213632	8898	16786
682059653698686977	1527	4542
682047327939461121	847	2956
682032003584274432	1794	6050
682003177596559360	1371	2869
681981167097122816	920	2594
681891461017812993	746	2274
681694085539872773	3691	11812
681679526984871937	399	1631
681654059175129088	819	2422
681610798867845120	418	1733
681579835668455424	1177	3253
681523177663676416	5208	13168
681340665377193984	245	1518
681339448655802368	3706	8561
681320187870711809	672	2410
681302363064414209	1623	3596
681297372102656000	857	2963
681281657291280384	997	2963
681261549936340994	236	1335
681242418453299201	471	1359
681231109724700672	440	2242
681193455364796417	1333	3415
680970795137544192	585	2207
680959110691590145	1822	4214
680940246314430465	937	2924
680934982542561280	394	1916
680913438424612864	563	2210
680889648562991104	325	1608
680836378243002368	1184	3186
680805554198020098	607	1974
680801747103793152	741	2185
680798457301471234	937	2601
680609293079592961	627	2410
680583894916304897	1191	3304
680497766108381184	1732	3886
680494726643068929	440	1570
680473011644985345	673	2342
680440374763077632	442	1328
680221482581123072	261	1358
680206703334408192	1047	2587
680191257256136705	441	1977
680176173301628928	1396	3556
680161097740095489	670	2133
680145970311643136	1561	3315
680130881361686529	857	2114
680115823365742593	828	2498
680100725817409536	1249	3300
680085611152338944	8146	11746
680070545539371008	774	2385
679877062409191424	580	1801
679872969355714560	597	2011
679862121895714818	555	2251
679854723806179328	1101	2613
679844490799091713	687	2187
679828447187857408	12588	33122
679777920601223168	997	2856
679736210798047232	717	1915
679729593985699840	749	1991
679722016581222400	426	1536
679530280114372609	1884	4369
679527802031484928	653	2419
679511351870550016	1146	3071
679503373272485890	1338	2913
679475951516934144	584	1924
679462823135686656	17009	29402
679405845277462528	1073	2162
679158373988876288	7242	19421
679148763231985668	925	2550
679132435750195208	1035	2704
679111216690831360	2314	5436
679062614270468097	7206	15477
679047485189439488	587	2054
679001094530465792	1095	2597
678991772295516161	1017	2070
678969228704284672	409	1497
678800283649069056	821	2356
678798276842360832	1029	3155
678774928607469569	820	2572
678767140346941444	1225	3220
678764513869611008	415	1479
678755239630127104	2930	6476
678740035362037760	1488	3395
678708137298427904	2187	5126
678675843183484930	1319	2600
678643457146150913	360	1874
678446151570427904	1372	3648
678424312106393600	2275	4999
678410210315247616	1611	3825
678399652199309312	28555	73400
678396796259975168	374	1450
678389028614488064	383	1714
678380236862578688	822	2235
678341075375947776	473	1570
678334497360859136	224	1182
678278586130948096	5496	10412
678255464182861824	328	1451
678023323247357953	341	1741
678021115718029313	5632	12368
677961670166224897	1523	3128
677918531514703872	364	1218
677895101218201600	1844	4394
677716515794329600	877	2778
677700003327029250	1291	3114
677698403548192770	286	1114
677687604918272002	755	2254
677673981332312066	1349	3036
677662372920729601	841	1776
677644091929329666	727	1713
677573743309385728	600	1939
677565715327688705	411	1189
677557565589463040	1017	2219
677547928504967168	3294	6326
677530072887205888	204	966
677335745548390400	1548	2763
677334615166730240	252	1228
677331501395156992	209	988
677328882937298944	1344	3327
677314812125323265	471	1497
677301033169788928	354	1111
677269281705472000	634	1797
677228873407442944	1467	3206
677187300187611136	812	2488
676975532580409345	951	2525
676957860086095872	719	2027
676949632774234114	348	1187
676948236477857792	775	1955
676946864479084545	326	1578
676942428000112642	667	1871
676936541936185344	4432	11611
676916996760600576	1615	2695
676897532954456065	649	2050
676864501615042560	627	1896
676821958043033607	13784	20708
676819651066732545	602	1658
676811746707918848	379	1305
676776431406465024	1805	4521
676617503762681856	855	2621
676613908052996102	176	983
676606785097199616	387	1719
676603393314578432	340	1040
676593408224403456	1891	4132
676590572941893632	110	838
676588346097852417	700	2080
676582956622721024	251	1078
676575501977128964	988	2334
676533798876651520	490	1699
676496375194980353	471	1372
676470639084101634	4180	10580
676440007570247681	589	1564
676430933382295552	302	1262
676263575653122048	484	1895
676237365392908289	251	1092
676219687039057920	27761	70861
676215927814406144	516	1572
676191832485810177	920	2058
676146341966438401	590	1752
676121918416756736	1027	1966
676101918813499392	1051	2578
676098748976615425	1247	2678
676089483918516224	392	1181
675898130735476737	506	1448
675891555769696257	765	1925
675888385639251968	841	2114
675878199931371520	1241	3782
675870721063669760	499	1470
675853064436391936	1135	2427
675849018447167488	123	866
675845657354215424	779	2047
675822767435051008	475	1387
675820929667219457	208	957
675798442703122432	3044	9311
675781562965868544	420	1459
675740360753160193	295	1060
675710890956750848	719	1690
675707330206547968	599	1786
675706639471788032	86	582
675534494439489536	363	1662
675531475945709568	330	1065
675522403582218240	248	942
675517828909424640	407	1148
675501075957489664	5221	15552
675497103322386432	1133	2824
675489971617296384	527	1153
675483430902214656	855	1666
675432746517426176	503	1363
675372240448454658	456	1525
675362609739206656	193	941
675354435921575936	14891	29457
675349384339542016	2000	3526
675334060156301312	1133	2483
675166823650848770	1386	3175
675153376133427200	2262	5593
675149409102012420	1499	3358
675147105808306176	200	842
675146535592706048	257	1052
675145476954566656	781	1913
675135153782571009	412	1165
675113801096802304	687	1739
675111688094527488	213	868
675109292475830276	997	2515
675047298674663426	275	931
675015141583413248	1044	2421
675006312288268288	201	879
675003128568291329	406	1394
674999807681908736	956	1997
674805413498527744	319	760
674800520222154752	748	2701
674793399141146624	954	2222
674790488185167872	219	983
674788554665512960	181	719
674781762103414784	1048	1804
674774481756377088	410	991
674767892831932416	692	1631
674764817387900928	200	700
674754018082705410	384	1230
674752233200820224	401	1311
674743008475090944	465	1261
674742531037511680	45	433
674739953134403584	327	970
674737130913071104	80	581
674690135443775488	412	1027
674670581682434048	565	1448
674664755118911488	205	814
674646392044941312	430	1281
674644256330530816	242	927
674638615994089473	511	1517
674632714662858753	502	1343
674606911342424069	86	842
674468880899788800	1782	5567
674447403907457024	314	954
674436901579923456	344	989
674422304705744896	467	1282
674416750885273600	117	613
674410619106390016	401	1068
674394782723014656	488	1335
674372068062928900	280	769
674330906434379776	66	504
674318007229923329	450	1252
674307341513269249	6039	10132
674291837063053312	5139	13188
674271431610523648	645	1394
674269164442398721	202	825
674265582246694913	733	1463
674262580978937856	386	1179
674255168825880576	466	1305
674082852460433408	144	681
674075285688614912	246	887
674063288070742018	1910	5728
674053186244734976	1130	2949
674051556661161984	432	1294
674045139690631169	566	1267
674042553264685056	110	634
674038233588723717	368	977
674036086168010753	181	759
674024893172875264	1087	1587
674019345211760640	264	1013
674014384960745472	560	1387
674008982932058114	300	1080
673956914389192708	838	1748
673919437611909120	326	1056
673906403526995968	1436	2848
673887867907739649	221	838
673716320723169284	669	2785
673715861853720576	1810	3166
673711475735838725	265	940
673709992831262724	236	751
673708611235921920	256	952
673707060090052608	346	987
673705679337693185	359	1123
673700254269775872	501	1281
673697980713705472	1695	3508
673689733134946305	569	1539
673688752737402881	440	1125
673686845050527744	377	1275
673680198160809984	418	1230
673662677122719744	328	1127
673656262056419329	199	650
673636718965334016	308	993
673612854080196609	631	1423
673583129559498752	313	1066
673580926094458881	239	738
673576835670777856	486	1232
673363615379013632	267	928
673359818736984064	593	1288
673355879178194945	493	1341
673352124999274496	475	1493
673350198937153538	185	684
673345638550134785	1102	2228
673343217010679808	235	855
673342308415348736	492	1132
673320132811366400	6888	11952
673317986296586240	216	781
673295268553605120	2750	6723
673270968295534593	312	957
673240798075449344	616	1278
673213039743795200	724	1971
673148804208660480	549	1490
672997845381865473	631	1754
672995267319328768	252	842
672988786805112832	254	876
672984142909456390	470	1115
672980819271634944	891	1625
672975131468300288	780	1498
672970152493887488	305	839
672968025906282496	470	1181
672964561327235073	557	1260
672902681409806336	424	1231
672898206762672129	363	791
672884426393653248	729	1367
672877615439593473	301	907
672834301050937345	503	1154
672828477930868736	419	1108
672640509974827008	270	874
672622327801233409	423	1147
672614745925664768	511	1089
672609152938721280	338	968
672604026190569472	337	971
672594978741354496	531	1179
672591762242805761	285	842
672591271085670400	157	641
672538107540070400	317	901
672523490734551040	146	551
672488522314567680	371	990
672482722825261057	518	990
672481316919734272	110	639
672475084225949696	607	1295
672466075045466113	448	1192
672272411274932228	2932	5716
672267570918129665	535	1316
672264251789176834	287	1012
672256522047614977	1328	2510
672254177670729728	652	1277
672248013293752320	524	1533
672245253877968896	132	607
672239279297454080	276	805
672231046314901505	876	1623
672222792075620352	176	702
672205392827572224	1008	1990
672169685991993344	319	909
672160042234327040	304	767
672139350159835138	595	1547
672125275208069120	992	2118
672095186491711488	328	879
672082170312290304	319	838
672068090318987265	441	1137
671896809300709376	3676	7614
671891728106971137	483	1175
671882082306625538	1212	3105
671879137494245376	574	1250
668992363537309700	292	658
668989615043424256	288	595
668988183816871936	389	799
668986018524233728	140	479
668981893510119424	259	482
668979806671884288	294	704
668975677807423489	495	1155
668967877119254528	18	127
668960084974809088	210	620
668955713004314625	63	241
668932921458302977	50	227
668902994700836864	88	276
668892474547511297	126	355
668872652652679168	268	476
668852170888998912	139	409
668826086256599040	112	384
668815180734689280	226	493
668779399630725120	325	626
668655139528511488	189	472
668645506898350081	457	772
668643542311546881	447	784
668641109086707712	466	943
668636665813057536	435	917
668633411083464705	1380	2461
668631377374486528	280	617
668627278264475648	97	281
668625577880875008	112	329
668623201287675904	653	1246
668620235289837568	35	181
668614819948453888	272	544
668587383441514497	920	1474
668567822092664832	46	206
668544745690562560	197	452
668542336805281792	182	402
668537837512433665	61	226
668528771708952576	189	403
668507509523615744	87	279
668496999348633600	114	359
668484198282485761	207	372
668480044826800133	127	397
668466899341221888	441	767
668297328638447616	255	556
668291999406125056	28	213
668286279830867968	117	434
668274247790391296	197	721
668268907921326080	206	484
668256321989451776	518	1150
668248472370458624	408	840
668237644992782336	2422	5444
668226093875376128	85	247
668221241640230912	169	450
668204964695683073	172	488
668190681446379520	171	576
668171859951755264	162	425
668154635664932864	273	439
668142349051129856	238	509
668113020489474048	208	584
667937095915278337	692	1115
667924896115245057	95	263
667915453470232577	46	184
667911425562669056	246	430
667902449697558528	334	756
667886921285246976	908	1644
667885044254572545	400	728
667878741721415682	101	349
667873844930215936	340	550
667866724293877760	900	2716
667861340749471744	69	221
667832474953625600	55	255
667806454573760512	417	930
667801013445750784	82	282
667793409583771648	286	608
667782464991965184	211	363
667773195014021121	44	204
667766675769573376	185	372
667728196545200128	126	325
667724302356258817	268	424
667550904950915073	28	0
667550882905632768	25	0
667549055577362432	1952	5103
667546741521195010	106	303
667544320556335104	458	761
667538891197542400	58	175
667534815156183040	445	716
667530908589760512	206	411
667524857454854144	967	1501
667517642048163840	165	332
667509364010450944	1864	6062
667502640335572993	193	484
667495797102141441	231	459
667491009379606528	190	459
667470559035432960	85	225
667455448082227200	53	171
667453023279554560	74	279
667443425659232256	488	680
667437278097252352	198	396
667435689202614272	76	266
667405339315146752	196	410
667393430834667520	50	168
667369227918143488	145	328
667211855547486208	209	426
667200525029539841	228	544
667192066997374976	86	330
667188689915760640	331	642
667182792070062081	5270	12523
667177989038297088	48	166
667176164155375616	388	525
667174963120574464	70	218
667171260800061440	72	186
667165590075940865	970	2378
667160273090932737	50	219
667152164079423490	14593	42227
667138269671505920	1871	4008
667119796878725120	107	284
667090893657276420	106	287
667073648344346624	104	351
667070482143944705	13	72
667065535570550784	40	143
667062181243039745	45	191
667044094246576128	43	163
667012601033924608	187	392
666996132027977728	79	213
666983947667116034	845	2249
666837028449972224	468	701
666835007768551424	65	185
666826780179869698	79	220
666817836334096384	209	443
666804364988780544	78	205
666786068205871104	409	654
666781792255496192	168	327
666776908487630848	150	305
666739327293083650	60	208
666701168228331520	182	371
666691418707132416	42	160
666649482315059201	524	990
666644823164719104	69	208
666454714377183233	179	448
666447344410484738	19	90
666437273139982337	40	106
666435652385423360	42	137
666430724426358785	160	277
666428276349472768	67	139
666421158376562688	91	272
666418789513326592	39	107
666411507551481857	262	370
666407126856765440	30	93
666396247373291520	69	147
666373753744588802	73	163
666362758909284353	468	647
666353288456101888	58	179
666345417576210432	124	245
666337882303524864	79	168
666293911632134144	289	426
666287406224695296	57	123
666273097616637952	67	152
666268910803644416	38	99
666104133288665088	5479	12885
666102155909144576	11	66
666099513787052032	53	134
666094000022159362	63	142
666082916733198337	37	93
666073100786774016	131	274
666071193221509120	51	127
666063827256086533	180	397
666058600524156928	47	99
666057090499244032	112	248
666055525042405380	196	367
666051853826850816	701	1027
666050758794694657	50	115
666049248165822465	37	89
666044226329800704	115	246
666033412701032449	36	100
666029285002620928	39	112
666020888022790149	422	2288
